18 0 0 3 0 0 0 0 0 3 3 6 4 0 0 0 2 0 0 0 13 0 0 0 3 0 0 161
3 0 0 0 0 0 0 0 0 0 4 0 0 0 6 0 0 0 0 0 1 0 0 0 0 0 0 13
0 0 0 6 0 0 2 0 0 2 0 0 0 0 0 0 0 0 0 0 0 0 0 0 0 0 0 4
0 0 3 0 0 0 0 0 0 4 4 0 0 0 6 0 0 0 0 1 1 0 0 30 0 6 0 15
0 14 5 1 0 0 0 0 0 0 0 0 0 0 5 0 0 0 0 7 0 0 23 0 3 0 1 1
0 2 3 12 0 0 0 0 0 0 3 0 0 0 5 0 0 0 0 8 0 0 3 0 0 0 0 18
0 1 1 12 1 0 30 0 0 31 26 81 2 0 33 0 7 0 1 3 47 0 0 29 0 5 6 527
1 1 0 1 0 0 0 0 0 0 1 0 0 0 0 0 0 0 0 1 10 0 0 0 25 0 0 19
2 0 0 0 0 0 0 0 0 0 0 0 0 0 0 0 0 0 0 0 0 0 0 0 19 0 0 8
2 1 36 11 0 0 0 4 1 1 248 2 0 0 13 0 0 0 0 11 2 0 2 0 0 0 40 63
1 0 0 0 1 0 0 10 1 0 0 9 20 1 0 0 0 0 1 39 2 0 0 0 2 7 47 2869
3 0 0 0 0 0 0 0 0 0 0 0 0 0 0 0 0 0 0 0 0 2 0 0 0 0 0 15
0 0 2 46 0 1 0 1 0 1 4 3 1 3 0 4 0 0 0 0 165 0 1 5 1 0 5 78
0 0 0 1 0 0 0 0 0 0 6 0 0 0 0 0 0 0 0 1 0 0 0 0 0 0 0 1
2 0 1 0 0 0 0 0 1 2 34 2 2 0 19 0 0 0 0 3 0 0 8 0 0 0 1 6
0 0 3 1 0 0 0 0 4 0 4 0 0 0 7 0 0 2 0 0 0 0 6 0 0 0 4 1
0 0 6 1 0 0 0 1 0 0 53 0 6 0 6 8 0 0 0 26 2 0 89 3 25 0 5 15
0 0 0 0 0 0 0 0 0 0 0 3 0 0 0 0 0 0 2 8 0 1 0 6 0 0 0 0
6 0 0 0 0 0 0 0 0 0 0 3 0 0 0 0 7 0 0 0 0 0 0 0 0 3 0 13
0 0 0 0 0 0 0 0 0 2 0 10 0 0 1 0 0 0 0 64 1 0 0 0 0 0 4 0
0 0 0 2 0 0 0 0 0 0 0 2 0 0 0 0 0 0 0 0 0 0 0 0 0 0 0 14
0 0 7 0 0 0 0 0 9 0 3 2 2 0 8 0 0 0 0 8 0 1 19 0 1 1 1 6
0 0 1 2 0 0 0 0 0 0 3 0 0 0 51 0 0 0 0 4 0 0 20 2 1 0 0 8
1 2 7 1 0 0 0 3 26 1 42 1 18 3 2 1 0 1 2 14 19 0 1 1 92 4 5 47
0 0 1 0 0 0 0 0 0 0 2 0 0 0 0 0 0 0 0 0 0 0 0 0 4 0 0 3
4 0 2 13 1 0 0 0 0 0 14 1 3 0 24 0 0 0 0 0 0 0 1 1 1 0 0 21
0 0 0 0 5 0 14 0 1 0 0 9 1 0 0 0 2 0 0 0 0 0 0 0 0 93 0 144
0 0 1 0 0 0 0 0 0 3 10 0 0 0 37 0 0 0 0 4 0 0 0 0 0 0 0 0
2 0 0 0 0 0 0 0 0 0 0 0 0 0 0 0 0 0 0 1 0 0 0 0 26 0 0 2
0 0 0 0 0 0 0 0 0 0 2 0 0 0 7 0 0 0 0 0 0 0 0 24 0 0 0 20
0 0 0 9 0 0 0 0 0 0 0 0 0 0 0 0 0 0 0 0 0 0 0 0 0 0 0 10
0 0 5 0 0 0 0 0 0 0 0 3 5 0 5 0 0 0 0 1 0 0 0 4 0 5 0 2
0 24 23 71 1 0 0 2 11 7 42 175 27 6 25 7 0 1 2 48 28 2 750 11 72 14 176 128
0 0 0 0 0 0 0 0 0 0 0 1 0 0 5 0 0 0 0 0 0 0 4 0 0 0 0 1
0 0 0 8 0 0 0 0 0 0 0 0 0 0 0 0 0 0 0 5 0 0 0 0 0 0 0 10
0 0 0 0 0 0 0 0 0 0 0 0 1 0 0 0 0 0 1 0 0 0 0 0 4 0 0 1
0 0 0 0 0 0 0 0 0 0 0 0 0 0 0 0 0 0 0 0 0 0 0 0 1 0 0 0
0 0 0 1 0 0 0 0 0 0 0 0 0 0 0 0 0 0 0 0 0 0 1 0 0 0 0 1
0 0 0 0 0 0 0 0 0 0 0 0 0 0 0 0 0 0 0 0 0 0 0 0 0 0 0 0
0 0 0 1 0 0 0 0 0 0 0 0 0 0 1 0 0 0 0 0 0 1 0 0 0 0 0 1
0 0 0 0 0 0 0 0 0 0 0 0 0 0 2 0 0 0 0 0 0 0 0 1 0 1 0 0
0 1 0 0 0 0 0 0 0 0 0 1 4 0 0 0 3 0 0 0 0 0 0 0 0 0 0 14
0 0 0 0 0 2 1 0 0 0 5 2 3 2 3 1 2 0 0 10 3 0 0 22 0 0 0 15
0 0 0 13 0 0 0 0 0 2 0 0 0 0 0 0 0 0 0 2 0 0 0 0 0 0 0 26
0 0 0 0 0 0 0 0 0 0 11 2 0 0 0 0 0 0 0 0 0 0 0 1 8 0 0 1
0 6 2 9 0 0 0 0 8 3 17 24 4 2 7 1 0 0 1 18 4 0 129 1 11 6 24 20
0 0 55 0 0 1 0 0 0 2 3 51 6 0 0 1 0 3 0 35 1 11 0 0 0 1 11 4
0 2 1 0 0 0 0 0 0 0 3 0 0 0 13 0 0 0 1 2 0 0 0 2 0 0 1 9
5 0 11 3 0 1 0 0 0 0 204 2 49 10 49 2 0 0 0 20 44 0 1 0 13 0 26 17
0 0 1 36 0 1 0 0 3 0 0 0 0 0 2 0 0 0 0 0 7 0 3 0 0 0 1 45
0 0 0 0 0 0 0 0 0 0 5 0 0 0 0 0 0 0 0 0 0 0 0 0 0 0 1 0
13 0 0 0 1 0 0 0 0 0 1 0 0 0 2 0 0 0 0 0 0 0 0 0 0 0 0 8
6 0 3 0 0 0 0 5 0 2 6 1 0 2 69 0 0 0 0 5 1 1 49 9 2 0 1 60
0 0 0 8 0 0 0 0 0 0 2 0 0 0 25 0 0 0 0 0 0 0 0 0 0 0 0 1
0 0 1 7 0 0 0 0 0 2 18 2 1 0 10 0 0 2 0 14 11 0 2 1 1 2 0 19
297 0 0 0 0 1 0 4 0 0 0 2 14 2 2 9 1 0 0 7 2 0 0 0 0 3 0 656
0 0 22 0 0 0 0 0 1 0 4 0 8 0 11 0 0 0 0 2 0 0 0 0 0 0 7 5
0 0 0 0 0 0 0 0 0 0 7 0 0 0 14 0 0 0 0 0 0 0 0 0 0 0 0 1
0 0 0 0 0 0 0 0 0 0 2 0 0 0 0 0 0 0 0 0 1 0 0 11 0 0 0 0
0 2 0 43 0 4 0 3 8 0 4 0 4 1 8 0 0 0 9 12 5 0 58 0 1 1 49 121
0 1 20 1 0 0 0 0 0 2 31 13 8 1 64 0 1 0 0 5 23 0 0 62 1 81 0 20
27 0 1 4 0 8 0 2 0 0 8 0 19 0 0 1 8 0 12 15 23 0 0 2 5 0 16 32
12 3 19 3 0 0 0 0 1 0 59 7 0 2 78 1 0 8 1 131 2 0 1 17 5 1 1 37
4 0 0 5 0 0 0 0 0 0 0 0 0 0 0 0 0 0 0 0 0 0 0 0 0 0 0 14
2 0 23 1 0 0 0 5 0 0 37 0 4 0 55 7 0 0 0 3 0 0 0 1 0 0 2 2
0 0 1 0 0 1 2 0 0 0 1 0 0 0 0 0 0 0 0 5 0 0 0 0 0 12 0 1
0 0 0 0 0 0 0 0 0 0 0 0 0 0 0 0 0 0 0 0 0 0 0 0 0 1 0 56
0 0 0 6 1 0 0 0 0 0 0 0 0 0 0 0 1 1 0 20 0 0 0 0 1 1 2 26
7 0 0 0 0 0 0 0 0 1 0 3 2 0 0 0 0 0 0 0 19 0 0 0 5 0 2 25
2 0 0 0 0 0 0 0 0 0 0 0 0 0 0 0 0 0 0 0 0 0 0 0 0 0 0 1
0 0 0 0 0 0 0 0 0 0 0 0 0 0 0 0 0 0 0 0 0 0 1 0 0 0 0 0
0 0 0 1 0 0 0 0 0 0 2 0 0 0 0 0 0 0 0 0 0 0 0 0 0 0 0 0
0 0 0 0 0 0 0 0 0 0 0 0 1 0 0 0 0 0 0 0 0 0 0 0 86 0 0 17
0 0 0 0 0 0 0 0 0 0 0 0 0 0 0 0 0 0 0 3 0 0 0 0 0 0 0 27
0 0 20 0 0 0 0 0 0 8 20 34 6 10 20 3 0 0 0 11 1 0 0 1 0 23 0 47
0 0 0 0 0 0 0 0 0 0 0 0 0 0 2 0 0 0 0 0 0 0 0 6 0 0 2 55
4 2 2 38 0 0 2 1 0 7 0 144 34 4 0 1 9 0 0 11 446 0 0 0 39 14 295 1638
13 0 0 0 0 2 0 0 0 0 0 0 5 0 0 0 0 0 0 0 0 0 0 0 0 0 0 2
0 0 1 10 0 0 0 0 0 0 4 1 2 0 0 0 0 0 0 2 5 0 0 0 0 0 0 28
0 0 0 0 0 0 17 0 0 0 0 0 0 0 0 0 2 0 0 0 0 0 0 0 0 13 0 35
0 0 1 0 0 2 24 0 0 0 0 0 0 0 0 0 0 0 0 0 0 0 0 0 0 0 0 3
0 0 40 0 0 0 0 1 0 0 0 0 0 0 1 0 0 0 0 1 0 0 0 0 0 0 0 4
0 0 0 0 0 0 15 0 0 0 0 0 0 0 0 0 0 0 0 1 0 0 0 0 0 35 0 42
11 0 0 0 0 0 0 0 0 0 0 0 0 0 0 0 0 0 0 2 0 0 0 0 0 0 0 3
9 0 0 0 0 0 0 0 0 0 1 0 0 0 0 0 0 0 0 8 3 0 0 0 5 0 0 9
0 0 0 0 0 0 0 0 0 0 0 0 0 0 0 0 0 0 0 0 0 0 0 0 0 0 0 0
45 0 0 0 0 0 0 1 0 0 0 0 0 0 0 4 0 0 0 6 0 0 0 0 0 0 0 150
0 0 3 1 0 0 0 0 0 0 11 0 2 8 31 4 0 0 0 13 0 0 1 0 0 1 1 2
0 0 0 0 0 0 0 1 0 0 7 0 2 3 25 0 0 0 0 8 0 0 0 0 0 0 1 0
0 0 0 0 0 1 4 0 0 0 0 0 4 0 0 0 13 0 0 0 0 0 0 0 10 14 0 2
3 0 0 0 0 0 0 0 0 0 0 2 3 0 0 0 0 0 0 2 0 0 0 0 0 0 0 0
0 0 0 0 0 0 0 0 0 0 0 0 0 0 0 0 0 0 0 0 0 0 0 0 0 0 0 0
0 0 0 8 0 0 0 1 0 0 0 0 0 0 0 0 0 0 0 1 0 0 0 0 0 0 0 13
0 0 0 0 0 0 1 0 0 0 0 4 4 0 0 0 1 0 0 1 2 0 0 0 15 10 0 5
0 0 12 0 0 0 0 0 0 0 0 0 0 0 0 0 0 0 0 0 0 0 0 0 0 0 0 1
0 0 6 5 0 0 0 0 0 0 11 0 2 0 1 1 0 0 0 2 23 0 2 0 14 0 0 10
2 0 3 0 0 0 0 0 0 0 4 1 0 0 8 0 0 0 0 2 3 0 0 15 0 0 0 2
0 3 4 8 0 0 0 0 0 0 12 1 3 0 9 0 0 4 0 2 1 0 0 0 3 0 3 29
0 0 1 0 0 3 0 0 0 0 1 0 0 0 1 0 0 0 0 3 0 0 0 0 0 5 0 1
0 0 21 0 0 0 0 0 0 0 0 0 0 0 0 0 0 0 0 0 0 0 0 0 0 0 0 3
0 0 7 0 0 0 0 0 0 0 12 0 0 0 8 0 0 0 0 1 0 0 0 0 0 0 1 0
1 0 6 3 7 0 1 0 0 8 22 20 0 0 17 1 1 0 0 13 37 0 0 10 1 0 0 691
0 0 0 44 0 0 0 0 0 0 0 2 0 0 0 0 59 0 0 0 0 0 0 0 0 0 0 51
0 0 0 0 0 0 0 0 0 0 0 0 0 0 0 0 0 0 0 0 0 0 0 0 0 0 0 0
0 0 0 0 0 0 0 0 0 0 0 0 0 0 0 0 0 0 0 0 0 0 0 0 0 0 0 0
6 0 0 0 0 0 0 0 0 0 1 0 3 0 0 0 0 0 0 0 5 0 0 0 4 0 12 3
0 0 0 0 0 0 0 0 0 0 1 0 0 0 0 0 0 0 0 1 0 0 0 0 0 0 0 6
1 0 0 0 0 0 0 0 0 0 0 0 0 0 0 0 0 0 0 3 0 0 0 0 0 0 0 63
0 0 0 1 0 0 0 0 0 0 3 0 1 0 1 7 0 1 0 0 101 0 0 0 121 0 0 32
0 0 0 8 0 0 0 0 0 0 0 4 0 0 0 2 0 0 0 0 66 0 0 0 4 0 0 130
21 11 2 174 0 3 0 10 0 3 102 9 15 7 94 0 1 0 2 17 119 0 0 35 377 0 4 360
56 1 1 13 0 1 0 1 0 0 0 8 16 0 0 0 0 0 0 24 10 0 0 0 315 0 11 134
10 0 0 0 0 0 0 6 0 0 0 4 0 0 0 0 0 1 0 13 0 0 0 0 2 2 10 1386
0 0 0 0 0 0 0 0 0 0 0 0 0 0 0 0 0 0 0 1 0 0 0 0 0 0 0 20
7 0 1 0 0 2 0 0 0 0 2 0 9 0 0 0 0 0 0 11 0 0 0 0 0 0 0 10
35 0 0 0 0 0 0 0 0 0 0 0 0 0 0 0 0 0 0 5 0 0 0 0 0 0 0 20
20 0 1 9 0 0 0 0 0 0 0 0 0 0 1 0 0 0 0 1 0 0 0 0 0 0 0 47
0 0 89 3 0 0 0 0 0 0 0 0 0 0 0 0 0 0 0 0 0 0 0 0 0 0 0 11
0 0 4 0 0 6 1 5 3 1 1 3 0 0 3 0 0 0 1 1 12 0 249 1 14 3 64 30
4 0 53 0 0 4 0 0 0 0 109 0 57 0 4 0 0 0 1 18 14 0 0 0 0 0 14 5
4 0 53 0 0 4 0 0 0 0 109 0 57 0 4 0 0 0 1 18 14 0 0 0 0 0 14 5
0 0 0 0 0 0 0 0 0 2 0 2 0 4 20 0 0 0 0 25 0 0 0 0 0 4 0 0
0 0 5 0 0 0 0 0 1 0 3 0 1 0 15 0 0 0 0 1 0 0 26 0 0 0 0 1
0 0 0 0 0 0 0 0 0 0 0 0 0 0 0 0 0 0 0 0 0 0 0 0 0 0 0 61
31 2 36 27 5 4 1 7 18 6 399 142 28 9 667 2 2 0 0 243 105 5 0 426 29 7 4 262
0 0 0 0 0 0 0 0 0 0 0 0 2 0 0 0 0 0 2 0 0 0 0 0 9 0 0 2
0 0 0 0 0 0 0 0 0 0 0 0 0 0 0 0 0 0 0 0 0 0 0 0 0 0 0 0
0 0 0 0 0 0 0 0 19 0 2 0 4 0 1 0 0 0 0 0 10 0 6 0 26 0 3 0
0 0 0 2 0 0 0 0 0 0 0 0 1 0 0 0 0 0 0 0 0 0 0 0 0 0 0 4
0 0 0 0 0 0 0 0 0 0 0 0 0 0 0 0 0 0 0 0 0 0 0 0 0 0 0 0
1 0 39 2 0 0 0 0 0 0 8 1 8 1 2 0 0 10 0 18 0 0 0 2 3 0 2 15
0 0 0 22 1 0 0 0 0 0 0 0 0 0 0 2 19 0 0 0 0 0 0 0 0 0 0 55
0 0 0 0 0 0 0 0 0 0 0 0 0 0 0 0 0 0 0 0 0 0 0 0 0 0 0 1
0 0 0 8 0 0 0 0 0 0 1 0 0 0 4 0 0 0 0 1 0 0 0 0 0 2 1 12
0 0 0 0 0 0 0 0 0 0 0 0 0 0 0 0 0 0 0 0 0 0 0 0 0 0 0 0
0 0 0 0 0 0 0 0 0 0 0 0 0 0 0 0 0 0 0 0 0 0 0 0 0 0 0 0
0 0 0 0 0 0 0 0 0 0 3 0 0 0 5 0 4 0 0 2 0 0 0 0 0 0 2 0
0 5 1 2 1 0 0 0 0 20 21 16 2 0 21 1 0 0 0 4 5 0 2 2 2 32 5 16
0 0 0 0 0 0 0 0 0 0 0 0 0 0 0 0 0 0 0 3 0 0 0 0 8 0 2 2
0 0 26 0 0 0 0 0 0 0 115 1 17 0 0 0 0 0 1 45 0 0 0 0 2 0 0 1
0 0 1 0 0 0 0 0 0 0 66 1 3 0 4 0 0 0 0 27 0 0 0 0 0 0 0 0
0 0 2 1 0 0 0 1 0 0 80 0 5 0 43 0 1 0 0 27 2 0 0 0 0 0 1 2
2 5 5 18 0 0 0 4 0 0 43 1 0 0 16 0 3 1 1 16 3 0 0 3 47 0 2 21
0 0 17 1 0 0 0 0 0 0 40 10 32 3 1 6 1 1 0 6 10 0 1 0 0 98 3 13
7 2 0 0 0 0 0 0 0 0 18 0 0 0 12 0 1 1 0 4 5 0 0 11 2 0 1 6
7 0 0 0 0 0 0 0 0 0 0 0 0 0 0 0 1 0 0 2 0 0 0 0 0 0 0 11
0 0 4 0 0 0 0 0 0 0 2 0 2 0 0 0 1 0 0 3 0 0 0 0 0 0 6 0
24 0 0 0 0 0 0 0 0 0 0 1 0 0 0 0 0 0 0 1 2 0 0 0 0 17 0 13
0 0 6 0 0 0 0 0 0 0 6 0 0 0 1 0 0 0 0 0 0 0 0 0 10 0 0 0
0 25 23 76 1 0 0 2 11 7 43 181 29 8 28 7 0 1 2 51 28 2 800 11 80 14 194 135
0 0 0 0 0 0 0 0 0 0 2 0 0 0 7 0 0 0 0 2 1 0 0 0 0 0 2 15
34 0 0 0 0 0 0 0 0 0 0 0 13 0 0 0 0 0 0 3 0 0 0 0 2 0 0 69
0 0 3 0 0 0 0 1 0 0 7 0 0 2 11 1 0 0 0 7 3 0 0 0 0 0 0 0
0 0 2 0 0 0 0 1 0 0 11 0 0 2 7 0 0 0 0 5 4 0 0 0 0 0 0 0
8 0 0 0 0 0 0 0 0 0 0 0 0 0 0 0 0 0 0 0 0 0 0 0 0 0 0 0
0 2 0 0 0 3 0 3 0 0 7 0 0 0 18 0 0 0 0 3 4 0 2 0 1 0 3 3
0 2 0 0 0 3 0 3 0 0 7 0 0 0 18 0 0 0 0 3 4 0 2 0 1 0 3 3
0 0 1 0 0 0 0 0 0 0 2 0 0 0 1 0 0 0 0 0 0 0 0 0 0 0 0 0
1 2 0 25 0 0 0 0 0 0 0 1 2 0 3 0 0 0 0 7 39 0 0 0 214 0 2 27
0 0 0 0 1 0 0 0 0 0 0 0 0 0 0 0 0 0 0 1 14 1 0 0 9 0 0 1
0 1 1 29 0 1 0 0 0 0 2 0 0 0 3 4 0 0 0 10 0 0 11 0 0 0 2 32
0 0 0 11 0 0 0 0 0 0 0 6 0 0 4 0 0 0 0 1 0 0 0 0 0 0 0 15
156 0 0 0 0 0 1 1 0 0 0 1 0 2 1 0 0 0 0 6 0 8 0 0 0 0 0 47
0 0 0 15 0 0 0 0 0 0 0 0 0 0 0 0 14 0 0 0 0 0 0 0 0 0 0 21
0 0 0 0 0 2 0 2 0 0 8 0 0 1 0 0 0 0 0 1 1 0 0 0 3 0 0 0
0 0 0 0 0 0 0 0 0 0 1 6 0 0 3 0 0 1 0 1 0 0 0 2 0 7 0 0
1 0 0 7 0 0 3 0 0 0 93 0 1 1 1 0 0 0 0 1 0 0 0 1 2 0 0 7
0 0 0 0 0 0 1 0 0 3 1 0 2 0 0 0 0 0 0 0 0 0 0 0 5 4 0 0
0 0 0 0 0 0 0 0 0 0 3 0 0 0 0 0 0 0 0 0 2 0 0 3 0 0 0 0
0 0 0 0 0 0 0 0 0 0 4 0 0 0 0 0 0 0 0 0 0 0 0 0 7 0 0 0
0 0 0 0 0 0 0 0 0 0 0 0 0 0 1 0 0 0 2 1 0 0 0 5 0 0 0 0
8 1 0 1 0 0 0 0 0 0 7 0 0 0 0 0 0 0 0 0 0 0 0 0 0 0 0 1
0 0 1 0 0 0 0 0 0 0 1 1 1 0 0 0 0 0 0 0 0 0 0 2 5 5 0 0
2 1 0 0 0 0 0 2 0 0 0 0 10 0 0 0 0 0 0 4 0 0 0 0 0 0 6 0
0 0 0 3 0 0 0 0 0 0 0 0 0 0 0 0 0 0 0 0 0 0 0 0 0 0 0 3
0 0 14 0 0 0 0 0 0 1 0 0 1 0 1 0 0 0 0 3 0 0 0 0 0 0 0 1
0 0 0 0 0 0 0 0 0 0 0 0 0 0 6 0 0 0 0 0 0 0 0 0 0 0 0 5
0 0 0 0 0 0 0 0 0 0 0 2 0 0 0 0 0 0 0 0 0 0 0 2 0 8 0 0
0 0 1 0 0 0 0 0 0 0 3 0 2 0 1 0 0 0 0 0 0 0 0 5 0 0 0 0
0 0 0 0 0 0 0 1 0 0 0 0 0 0 0 0 0 0 0 0 0 0 0 0 2 0 4 3
0 0 0 1 0 0 0 0 2 0 2 0 0 1 0 0 1 0 0 0 0 0 0 22 0 0 0 2
0 0 0 0 0 0 0 0 0 0 1 0 0 0 7 0 0 0 0 0 0 0 0 0 0 0 0 0
0 0 0 0 0 0 0 0 0 0 1 0 0 0 4 0 0 0 0 0 0 0 0 0 0 0 0 0
1 0 0 0 0 0 0 0 0 0 3 0 0 0 22 0 0 0 0 2 0 0 4 1 1 0 0 2
0 0 0 0 0 0 0 0 0 0 4 3 0 0 0 0 0 0 0 1 0 0 0 0 5 0 0 0
0 0 0 0 0 0 0 0 0 0 1 2 0 0 0 1 0 0 0 0 0 0 0 15 0 16 0 2
1 0 1 1 0 0 1 1 0 1 1 1 11 0 0 0 0 0 1 5 26 0 0 0 17 0 0 12
0 0 0 0 0 0 0 0 0 0 0 0 0 0 6 0 0 0 0 2 0 0 0 0 0 0 0 0
0 0 1 0 0 0 0 0 0 0 8 0 2 0 2 0 0 0 0 2 0 0 0 0 0 0 0 0
2 0 217 1 0 0 0 0 0 1 48 0 10 0 41 0 0 0 0 5 3 0 0 0 8 0 1 28
6 0 0 9 7 5 0 0 0 17 2 504 2 9 0 0 0 0 0 33 4 0 0 0 78 0 25 639
0 0 1 0 0 0 0 0 0 0 5 0 0 0 30 0 0 0 0 5 0 0 0 0 0 0 0 3
0 4 0 196 0 0 10 0 4 16 0 0 0 0 0 8 0 4 6 18 0 0 0 0 0 0 0 14
0 0 0 0 0 0 0 0 0 0 0 0 0 0 0 0 0 0 0 0 20 0 0 0 1 0 0 23
0 0 7 0 0 0 0 0 0 0 0 0 0 0 0 59 0 0 0 0 0 0 0 0 0 0 0 0
3 0 1 3 0 0 0 0 0 0 0 12 18 0 0 0 0 0 0 2 25 0 0 0 142 0 0 73
0 0 2 1 0 0 0 0 1 4 2 0 0 0 8 0 0 1 0 2 0 0 1 0 3 0 0 2
0 0 0 0 0 0 0 0 0 0 1 0 0 0 10 0 0 0 0 1 0 0 7 0 1 0 0 3
0 0 0 0 0 0 0 0 0 0 0 0 0 0 0 0 0 0 0 0 0 0 0 0 0 0 0 0
0 0 6 0 0 1 0 0 0 0 0 0 2 0 0 0 0 0 0 0 0 0 0 5 0 0 1 42
